"","TLML_22_cfDNA_baseline_2014_12","TLML_22_cfDNA_4W_2015_1","TLML_22_DNA_baseline_2014_12","TLML_22_DNA_infusion_2014_9","TLML_22_DNA_4W_2015_1","TLML_22_DNA_FU_01_2015_2","TLML_22_DNA_FU_02_2015_3","TLML_22_DNA_FU_03_2015_4","TLML_22_RNA_infusion_2014_9","TLML_22_RNA_4W_2015_1","TLML_22_RNA_FU_01_2015_2","TLML_22_RNA_FU_02_2015_3","TLML_22_RNA_FU_03_2015_4","TLML_26_cfDNA_baseline_2015_1","TLML_26_cfDNA_4W_2015_3","TLML_26_DNA_baseline_2014_11","TLML_26_DNA_infusion_2014_6","TLML_26_DNA_4W_2015_3","TLML_26_DNA_FU_01_2015_7","TLML_26_DNA_FU_02_2015_9","TLML_26_RNA_baseline_2015_1","TLML_26_RNA_4W_2015_3","TLML_29_cfDNA_baseline_2016_1","TLML_29_cfDNA_4W_2016_2","TLML_29_DNA_baseline_2016_1","TLML_29_DNA_infusion_2015_10","TLML_29_DNA_4W_2016_2","TLML_29_RNA_baseline_2016_1","TLML_29_RNA_infusion_2015_10","TLML_29_RNA_4W_2016_2","TLML_1_DNA_baseline_2013_9","TLML_1_DNA_infusion_2013_8","TLML_1_DNA_FU_01_2014_1","TLML_1_DNA_FU_02_2014_4","TLML_1_DNA_FU_03_2014_7","TLML_1_RNA_4W_2013_11","TLML_1_RNA_FU_07_2015_2","TLML_1_RNA_FU_10_2015_6","TLML_1_RNA_FU_12_2015_10","TLML_1_RNA_FU_13_2015_11","TLML_1_RNA_FU_16_2016_6","TLML_16_cfDNA_baseline_2015_1","TLML_16_cfDNA_4W_2015_2","TLML_16_DNA_baseline_2015_1","TLML_16_DNA_infusion_2014_4","TLML_16_DNA_4W_2015_2","TLML_16_DNA_FU_01_2015_3","TLML_16_DNA_FU_02_2015_5","TLML_16_DNA_FU_03_2015_6","TLML_16_DNA_FU_04_2015_7","TLML_16_DNA_FU_05_2015_9","TLML_16_RNA_baseline_2015_1","TLML_16_RNA_infusion_2014_4","TLML_16_RNA_FU_01_2015_3","TLML_16_RNA_FU_02_2015_5","TLML_16_RNA_FU_03_2015_6","TLML_16_RNA_FU_04_2015_7","TLML_16_RNA_FU_05_2015_9","TLML_7_DNA_baseline_2014_3","TLML_7_DNA_infusion_2014_2","TLML_7_DNA_4W_2014_4","TLML_7_DNA_12W_2014_6","TLML_7_DNA_17W_2014_7","TLML_7_RNA_baseline_2014_3","TLML_7_RNA_infusion_2014_2","TLML_7_RNA_4W_2014_4","TLML_7_RNA_12W_2014_6","TLML_20_cfDNA_baseline_2015_1","TLML_20_cfDNA_4W_2015_2","TLML_20_DNA_baseline_2015_1","TLML_20_DNA_infusion_2014_7","TLML_20_DNA_4W_2015_2","TLML_20_DNA_FU_01_2015_3","TLML_20_DNA_FU_02_2015_6","TLML_20_RNA_baseline_2015_1","TLML_20_RNA_infusion_2014_7","TLML_20_RNA_4W_2015_2","TLML_20_RNA_FU_01_2015_3","TLML_20_RNA_FU_02_2015_6","TLML_4_cfDNA_baseline_2015_10","TLML_4_cfDNA_4W_2014_12","TLML_4_DNA_baseline_2014_11","TLML_4_DNA_infusion_2013_11","TLML_4_DNA_4W_2014_12","TLML_4_DNA_FU_01_2015_1","TLML_4_RNA_baseline_2015_10","TLML_4_RNA_infusion_2013_11","TLML_4_RNA_4W_2014_12","TLML_4_RNA_FU_01_2015_1","TLML_18_DNA_baseline_2014_8","TLML_18_DNA_infusion_2014_6","TLML_18_DNA_4W_2014_9","TLML_18_RNA_baseline_2014_8","TLML_18_RNA_infusion_2014_6","TLML_18_RNA_4W_2014_9"
"TLML_22_cfDNA_baseline_2014_12",1,0.0685703987960005,0.0564639826917778,0.231459898039791,0.108562670351059,0.0554755531590126,0.0511560448922194,0.0582556657710366,0.237297604919835,0.0496796882632519,0.0350304669271853,0.0222535806293199,0.0212666604612054,0,0,0,0,0,0,0,0,0,0,0,0,0,0,0.00065244424731968,0,0,0,0,0,0,0,0,0,0,0,0,0,0,0,0,0,0,0,0,0,0,0,7.96433236665224e-05,0,0,0,0,0.000668548340132655,0,0,0,0,0,0,0,0,0,0.000632627945115002,0,0,0,0.000100083884772356,0,0,0,0.000270186052279783,0,0,0.000290787311292276,0.00122513652374432,0,0,0,0,0,0,0,0,0,0,0,3.97116124963648e-05,0,0,7.31577313873582e-05,0.000156438587305206
"TLML_22_cfDNA_4W_2015_1",0.0685703987960005,1,0.0541877891855898,0.0788926172503997,0.911798827668044,0.954070274888074,0.95805917101347,0.933235548744149,0.0852839983256453,0.955177636702362,0.926409637720795,0.876225570143503,0.882702533194647,0,0,0,0,0,0,0,4.40067449477329e-06,0,0,0,0.00151611447945054,0,0,0.00420268431823269,0.000473828274378686,0.000562617433595809,6.7418426136973e-05,0,0,0,0,8.98687998311475e-06,0.000456118051204435,0,0.0348113435439414,1.31973179331295e-05,0,0,0,0,0,0,0,0,0,0,0,6.82833802363833e-06,0,0,3.41640441723072e-05,0,0.00218593653476272,0,0,0,0,0,0,6.47544418737909e-05,0,2.80290846254505e-06,0.000130571174592156,0,0,0,0.00245065652372633,9.79757990578405e-05,4.87368656234826e-05,0,7.44286520005054e-05,0,0,0.000950561810331755,0.000216375129191006,0,0,0,0.00021354522240973,0.000502993921933129,0.00344091104933987,0,9.44653963836098e-05,1.44787325856631e-05,0.00176222224296589,0.000986933292943368,1.12954966750967e-05,0,9.09443115037831e-06,1.96043053893624e-05,3.19562034957816e-05
"TLML_22_DNA_baseline_2014_12",0.0564639826917778,0.0541877891855898,1,0.00429694175227504,0.0685207868084389,0.0573080874978865,0.0452999453472736,0.0489941563489301,0.0025168475019213,0.0359863194404212,0.0311169234133397,0.0194345836978864,0.0191343629888108,0,0,4.14046157516365e-05,0,0,0,0,0.000366340361090327,4.62122364400172e-06,0,0,0.00403936443777396,0,0,0.00234185898526456,6.40855973771438e-06,2.77654051163944e-05,0.000164107538290571,0,0,0,0,0.000127772518414713,7.92347548487899e-05,3.12191229480806e-05,0.00207811109490319,0.000418007675953353,0.000364057278463391,0,0,0,0,0,0,0,0,0,0,0,0,0,0.000185519796616467,0,0.000124163657347781,0,4.64515952223537e-05,0.000241333328195535,0,0,0,0.000367934327283751,0,0,5.00107761443003e-06,0.000424497526413278,0,0,0.000290008724264021,1.27625443441828e-05,8.06738491254687e-05,9.24172009273545e-06,0.000566274974798518,0,0,3.35537076579423e-05,1.21326552783863e-05,0,0.000357619771850234,2.89932926681391e-05,2.31902227483725e-06,0.000822259221222296,0.000450196935138183,7.29863288738957e-05,2.95755643557336e-06,0.000636103595702059,0.000198763380604736,3.53272094022521e-05,0,0,6.16289161025853e-05,0,0
"TLML_22_DNA_infusion_2014_9",0.231459898039791,0.0788926172503997,0.00429694175227504,1,0.13675553483212,0.059619612305683,0.0681221943032453,0.0604422509680885,0.948757705184441,0.0831495745493901,0.0692431088720721,0.0436273494611431,0.0335718652892511,0,0,4.11708187967749e-06,0,0,0,0,3.07175485027944e-07,0,0,0,6.97859569809615e-06,2.27197187741072e-06,0,0.000626257656472488,2.86503111069347e-06,2.57850124974747e-06,4.81737352753059e-06,0,5.50612321853579e-06,0,0,1.00123022939456e-06,0.000204597201960585,1.21373053162878e-06,2.12565403175032e-06,4.95521332576639e-06,2.48890961926816e-06,0,0,6.69558604262735e-06,2.56831896931487e-07,2.6045453653102e-06,0,0,1.89792264556602e-05,0,0,0.000257393771696073,0,0,8.91012686252013e-07,0,0.00089006966134489,3.76165146385121e-06,7.32194848629305e-07,0,0,0,0,6.95162637415459e-06,1.22559274690565e-07,2.140323005557e-06,0.000856404517786565,0,0,0,8.06842181360546e-06,2.32272161412475e-05,1.24698225954402e-06,0.00143144372218101,0.000267532824743328,0,0,0.000506033856823474,0.00216905742470271,0,0,0,9.03469292579474e-06,3.4894862185978e-05,1.01691250368435e-05,0.000145130685413813,5.37244606607662e-06,1.51501347304656e-06,5.37126905445482e-06,3.39398350986775e-08,0.000120019238420141,0,6.06424214508492e-07,0.000145965754777677,0.000222970912963648
"TLML_22_DNA_4W_2015_1",0.108562670351059,0.911798827668044,0.0685207868084389,0.13675553483212,1,0.952156953598786,0.942304018111963,0.947349358190538,0.146810506676028,0.88384225571749,0.822182519769085,0.733165264137037,0.741560292644251,0,7.89871029263909e-05,6.31182709718097e-05,0,0,0,0,3.44421007164462e-05,0,0,0,0.0019163864936774,0.000858931031930663,0,0.00589543625734224,0.000876193794934003,0.000692725248990357,4.5440506957352e-05,0,0.000120017991470245,0.000371885158694009,8.48898428241855e-06,0.000545224930787457,0.000757141935540978,0.000165754454408221,0.0450203650143883,7.22734312081305e-05,0.000181888991061043,0,0,8.33680368440319e-05,1.15458281963181e-06,0,0,0,4.75399780033209e-05,0,0,0.000362649998060284,0,0,7.13934936320585e-05,1.04412646195765e-05,0.00269967523746587,8.48852489866291e-07,0,0,0,0,0,3.79500240591722e-05,0,2.17884741760536e-05,0.000355363348697509,0,0.00234808501358087,4.45275237878112e-05,0.00404512089715456,0.0030003870914625,0.000154630570641115,0.00176409973012501,0.000240868483896185,0.00081803356752521,0.00253440769713746,0.00148861814992252,0.00250859926774613,0,7.71433653093887e-07,4.6754067287947e-05,0.00119199465296694,0.00027927400610617,0.00165270627080634,1.14589644957526e-05,0.00051069881854223,1.69210671396889e-05,0.000793290572178654,0.00125445982630313,2.34683028818866e-05,0,1.56400360313011e-05,4.21714255513855e-05,8.25353931771041e-05
"TLML_22_DNA_FU_01_2015_2",0.0554755531590126,0.954070274888074,0.0573080874978865,0.059619612305683,0.952156953598786,1,0.985463257070679,0.967082629911884,0.0650374511633839,0.957249732749329,0.918333731882242,0.84778769248854,0.854572090570316,0,0,4.2434548569432e-05,0,0,0,0,1.50884207372579e-05,0,0,0,0.0016772162225862,5.61022880955493e-08,0,0.00475176589260324,0.000497894478189099,0.000617214021100955,4.10838713301782e-06,8.23892756465882e-05,2.10850801174271e-05,2.03607598751128e-05,1.05030489352988e-05,2.21266347947747e-05,0.000536463059335494,3.47303788013475e-05,0.038976084689689,3.50721173111028e-05,1.52271026190828e-05,0,1.52893914458658e-05,8.74361672402132e-07,3.42582023603991e-05,0,0,0,4.86130079854014e-05,0,0,3.10616534377428e-06,6.03092543911239e-05,9.69774958865007e-07,5.76180881532356e-05,6.41206664265345e-06,0.00232463454296317,6.73519642823012e-07,0,0,0,3.09651149185653e-06,0,3.55118443992862e-05,6.53442415404391e-07,6.55743159763334e-06,0.000128989894934625,0,0,0,0.00283993898697661,0.000136958991020591,5.16384803978157e-06,0,8.77043083800594e-05,3.09659047311325e-06,8.79747413045239e-07,0.00104812595806743,0.000192647447406112,0,0,0.000135350727295858,0.000765706049403963,0.000271741624544026,0.000436223901235869,1.96531563915387e-06,0.000335177393851458,4.5719973921039e-06,0.000218230785476006,0.00109961934917474,1.27296656655778e-05,0,1.00825515726155e-05,1.84410377266037e-05,2.77075248766604e-05
"TLML_22_DNA_FU_02_2015_3",0.0511560448922194,0.95805917101347,0.0452999453472736,0.0681221943032453,0.942304018111963,0.985463257070679,1,0.970940075565785,0.0760471068866305,0.971723453122843,0.936529097434344,0.872221980043188,0.879484511453242,0,0,6.09570423394154e-05,2.05230916188724e-06,0,0,0,2.0442693269632e-05,0,0,0,0.0016898761746034,0,0,0.00465405270094372,0.00050428533046524,0.000612562208546559,1.14487537408246e-05,3.35563082120417e-08,1.00539139285742e-05,8.54791607605184e-06,3.12872450538556e-06,1.40035471850193e-05,0.000516504770222441,5.73450393907968e-06,0.0386220996246373,2.32479145436552e-05,5.96004661326728e-06,0,0,7.01762774392699e-05,0,0,0,0,4.24578096782802e-06,0,0,0.000323801300229443,0,0,6.84717878691755e-05,0,0.00235981727923278,4.65324499099557e-06,9.58219509172487e-07,1.55783023514858e-05,3.2366760254479e-06,1.37468038575268e-05,0,4.61320930925561e-05,3.73785004005931e-05,3.53915930039302e-07,0.000131046150040063,0,0,3.0152607647692e-06,0.00268363900184214,0.000177001050462716,2.19675072054797e-05,0,0.000103048973980661,0,0,0.00104978250887514,0.000221505681906315,0,0,0.000154795425368904,0.000871426509865895,0.000344589304106584,0.00041504862942775,1.63081940267541e-05,0.000382181887302306,7.56551449895319e-06,0.000207864712837291,0.00109538376517543,1.02183156517631e-05,0,1.04578678673087e-05,1.88951801098593e-05,3.19970465214281e-05
"TLML_22_DNA_FU_03_2015_4",0.0582556657710366,0.933235548744149,0.0489941563489301,0.0604422509680885,0.947349358190538,0.967082629911884,0.970940075565785,1,0.0657507444350926,0.936037340800817,0.88894087850741,0.816861061639301,0.839404410861274,0,0,2.60043265646585e-05,0,0,0,0,1.13863216090983e-05,5.95093469334184e-07,0,0,0.00177274279185268,1.03227704378992e-08,0,0.00513108921516059,0.000515297481515323,0.000657857444581509,7.62767640209217e-05,0,0,0,1.07483214214327e-05,7.50807501979716e-06,0.000544501835946719,0,0.0423920621422677,1.31899047223597e-05,3.60541944056213e-06,0,0,0.00012589461298502,0,0,0,0,2.73746798335745e-05,0,0,0.000565346431812423,0,0,2.65174890760377e-05,1.54286888312626e-06,0.00247492748224154,0,0,0,0,0,0,5.38687249210674e-05,2.67817161245519e-05,7.18779081799965e-06,0.000136104213796356,4.9354430691526e-05,2.19414976211019e-05,9.53899289129396e-06,0.00285726084799268,0.000166606766113788,0.000166553352367959,1.89829510221239e-05,0.000122991448097436,0,5.30654804170148e-05,0.00115149501733501,0.000235582042468789,0,3.32767133115267e-05,0,0.000340712432101003,0.000364288631256084,0.000175479746399096,7.14897916211885e-06,0.000145416650724414,6.3691528811202e-05,8.68604272977737e-05,0.00119219834818921,9.63328200292063e-06,0,1.43670592803393e-06,1.69012484904309e-05,3.40989857421175e-05
"TLML_22_RNA_infusion_2014_9",0.237297604919835,0.0852839983256453,0.0025168475019213,0.948757705184441,0.146810506676028,0.0650374511633839,0.0760471068866305,0.0657507444350926,1,0.0965732103301728,0.0838457275540301,0.0547530070611906,0.0414268079098404,0,0,9.75038419721759e-07,4.81355363492683e-07,0,0,0,4.98740947071958e-07,0,0,0,6.11144799895997e-06,0,6.80741991616981e-08,0.000624720615710272,7.9732232672611e-07,6.84241430708168e-07,1.0289772552763e-05,0,0,1.40851336069857e-07,0,8.10639253426273e-07,0.000108590690173501,2.5435373128631e-06,2.84657541233403e-05,6.06169411524976e-06,7.54668436389073e-07,0,0,0,6.19619792773161e-05,7.23422709562976e-06,1.50973716430745e-06,0,2.27999638647187e-05,6.26383524915723e-07,0,0.000120845366165649,5.16437051932663e-05,8.98551117238387e-07,5.93432985500115e-07,8.27484646878853e-07,0.000927637521386996,2.32435233771602e-06,1.89341302379414e-07,0,1.51257832362473e-06,0,2.32792619215262e-05,2.57258973860791e-06,4.33997836041419e-07,1.21840623113522e-06,0.000888990437222047,0,0,0,8.89163270389225e-06,3.21334864431681e-05,7.75931267976392e-07,0.00101346173529703,0.00026528979027297,0,0,0.000407582549095327,0.0020014259799483,0,0,1.05517596450822e-05,1.10233303695168e-06,1.0112328126851e-05,3.62027721017373e-06,0.000100215794705637,3.73115186877896e-07,4.78888199617326e-07,1.98595051133089e-06,1.75188927626693e-06,0.000113068627671912,0,4.94465936171849e-07,0.000165032571779351,0.000234411593501012
"TLML_22_RNA_4W_2015_1",0.0496796882632519,0.955177636702362,0.0359863194404212,0.0831495745493901,0.88384225571749,0.957249732749329,0.971723453122843,0.936037340800817,0.0965732103301728,1,0.987234428794244,0.945965393925638,0.948849658520928,0.000135451358556177,0.000514047567966515,1.29790834846399e-05,7.17252483634701e-07,0,0,0,0.00012065302633659,0.000105941818415055,0,6.45326876090351e-05,0.00143420183922551,3.20555842523234e-06,0,0.0039969203458423,0.000492709442578685,0.000550387089524119,4.3924810582994e-05,0,0,0,2.25914639227641e-06,9.02285233233293e-06,0.000445343247395049,1.00166186324615e-05,0.033429207257392,1.27836595938952e-05,5.57073287633002e-07,0,0.00262530919908613,1.37856263105776e-05,1.64539333797614e-07,0,0,0,3.68283342826153e-06,0,0,6.18077938052342e-05,0,2.03059352579677e-07,4.16521199489627e-05,2.14386113662182e-05,0.00218560559651314,1.1024090128051e-05,1.25388454017728e-06,0,0,0,1.77060759032554e-06,2.26844553230468e-05,3.52366739230811e-06,5.12311567869893e-06,0.000144347080238944,0.0097560142828379,0.0260612657224209,3.82659002774367e-05,0.00327672493870914,0.0279444666632546,0.000222206416475238,0.010029162466846,0.000122280408395254,0.00121675664164892,0.0336316394261879,0.00179258061533816,0.0148776155582111,0,0.000301774503092592,4.09964550386266e-05,0.00042565142906554,0.000178145319454089,0.000332126239435915,3.3498686576852e-06,0.000188624430391114,1.49202757369277e-06,0.000173752889495802,0.000950171425330066,1.23446935260116e-05,0,3.05860237655143e-06,2.26250224175428e-05,9.02031357027801e-05
"TLML_22_RNA_FU_01_2015_2",0.0350304669271853,0.926409637720795,0.0311169234133397,0.0692431088720721,0.822182519769085,0.918333731882242,0.936529097434344,0.88894087850741,0.0838457275540301,0.987234428794244,1,0.980475784194856,0.978419574680643,0,0,1.47836065481184e-05,0,1.80909238385665e-06,1.32592150168312e-07,0,7.65187586906779e-06,5.14843785231217e-06,0,0,0.00127334459914489,3.34452870713015e-05,1.70816940161762e-06,0.00346305442076973,0.000490788599229984,0.000496742260248158,3.59591931208817e-05,0,0,0,2.56233459653575e-06,8.26504120869421e-06,0.000386909861498064,6.09737227433801e-07,0.0293121441371795,1.21073494067837e-05,1.02080759027463e-06,0,0,2.70350391980045e-06,1.93165890725776e-05,0,0,0,1.84909471535266e-05,0,0,1.28413312583578e-05,1.96627748411007e-05,4.80132280995938e-07,3.92081469933445e-05,1.520711353749e-06,0.0019514134296556,1.51236813911654e-06,7.83875538827241e-07,4.51853235759458e-07,4.49348831924403e-07,0,0,1.55708805160111e-05,1.61792763403436e-06,1.10306589520518e-06,0.000109588967872737,0,3.75801379074473e-07,0,0.00207026476130295,9.60234640562559e-05,3.35643101896932e-06,0,6.65402072680031e-05,2.74613218363507e-05,3.27810834761799e-06,0.00080074163133024,0.000182605500058999,0,0,2.92109561090703e-05,0.000368455649868998,0.000149060328627019,0.000237169381437214,9.68643840194963e-07,0.00016403097253678,8.19165361782821e-07,0.000127476259892874,0.00083726758686983,1.05266097844487e-05,0,1.70796736897653e-06,1.89409884112737e-05,2.80565810835949e-05
"TLML_22_RNA_FU_02_2015_3",0.0222535806293199,0.876225570143503,0.0194345836978864,0.0436273494611431,0.733165264137037,0.84778769248854,0.872221980043188,0.816861061639301,0.0547530070611906,0.945965393925638,0.980475784194856,1,0.99320646781795,0,0,8.40001848096277e-06,1.0488998478464e-06,1.68052364780289e-06,0,0,4.83468694972463e-06,1.55718747565807e-06,0,3.69091959651018e-05,0.00106003231150767,1.22599291291977e-07,3.11502476833644e-05,0.00286017098146422,0.000402741437284234,0.000476946805186068,2.59426822721561e-05,0,0,0,4.04437163261825e-06,4.81893205196631e-06,0.000330402772958324,2.45301915276409e-07,0.0252022461029777,7.94131704788264e-06,7.13976851708808e-07,0,0,1.3079127357641e-06,2.59561269070324e-07,1.79263606589191e-06,0,0,6.70691310422458e-06,0,0,6.50176756290347e-06,7.33006733477411e-08,1.05496745572563e-07,2.42606330009236e-05,3.41099338308596e-07,0.00168994322108578,9.00177769025308e-07,4.90449168628824e-07,0,2.5489324702161e-07,0,0,9.94454780672428e-06,7.53900075503508e-07,6.4966800904039e-07,6.13071565102462e-05,0,0,1.81731443877318e-07,0.00172959799478495,7.31215178117069e-05,8.16405669826207e-06,0,4.02966636638443e-05,0,2.36124619796867e-08,0.000678486808734046,9.85198611217229e-05,0,0,8.68122724257197e-06,0.000226180404995277,0.000134695665431733,6.290141550098e-05,1.32148080779176e-06,0.000101440997141227,8.1737116986529e-07,3.48454599002266e-05,0.000722612135213354,5.96672553989749e-06,0,1.29649821055444e-06,1.10762649987972e-05,1.54230314422528e-05
"TLML_22_RNA_FU_03_2015_4",0.0212666604612054,0.882702533194647,0.0191343629888108,0.0335718652892511,0.741560292644251,0.854572090570316,0.879484511453242,0.839404410861274,0.0414268079098404,0.948849658520928,0.978419574680643,0.99320646781795,1,0,0,7.74554692785637e-06,1.07410777494588e-06,1.00038995940826e-06,0,0,4.17032036949477e-06,5.09989726835845e-07,0,0,0.00107285853055397,2.91487602741358e-05,5.39854594809782e-08,0.00293516303028172,0.000453803629950034,0.000444035101216985,5.48106560255938e-05,0,0,0,4.71016018785764e-06,3.61689979843375e-06,0.000342519364907307,2.23813060651699e-07,0.0260350027435479,6.40534990901413e-06,5.270308477803e-07,0,0,2.30552474722367e-06,5.3309441495144e-05,0,0,0,9.59130980953732e-06,0,0,1.1325155086003e-05,6.89010277883811e-05,1.82730357018037e-07,1.89021374471119e-05,4.78069686263563e-07,0.00172007224152174,1.43612952992577e-06,3.77034570010935e-07,0,0,0,0,8.97369930426254e-06,1.27382226912199e-06,6.63380893276412e-07,4.62894898857468e-05,0,0,2.70500704024718e-07,0.00176512744907775,6.34859429006095e-05,7.65307017321108e-06,0,3.92034871419019e-05,3.44404348146976e-07,1.37027050234285e-07,0.000694000544041526,7.32196113656927e-05,0,0,8.12128524543483e-06,0.00017685422715062,0.00014183860853442,6.57359724957941e-05,4.26947400171987e-07,7.91499069730461e-05,9.95942697917722e-07,3.62221817417395e-05,0.000745724484272133,4.36015324194157e-06,0,1.76612273008153e-06,8.09186683904506e-06,1.15184898957086e-05
"TLML_26_cfDNA_baseline_2015_1",0,0,0,0,0,0,0,0,0,0.000135451358556177,0,0,0,1,0,0.0668506684343076,0.0101045316831246,0.00520179496061115,0.319819319800998,0.259223110626146,0.0741464062095657,0.020165792043631,0,0,0,0,0,0.000207930387629768,0,0,0,0,0,0,0,0,0,0,0,0,0,0,0,0,0.000984147668808063,0,0.000554114709550128,0,0,0,0,0.00014897868014269,0.000805690463135964,0.000185529737689747,0,0,0,0,0,0,0,0,0,0,0,0,0,0,0.00139051529886929,0,0,0.00290031015481403,0,0.00715937613737217,0.000574965465609531,0.000106933578016207,0.00320443493032136,0.00154658146880139,0.00157897915057792,0,0.00293713020061791,0,0,0.00349526685793022,0,2.52652183347851e-05,0,0.00562069183333546,5.97906634954928e-05,0,0,0,0.000201062310772905,0,0
"TLML_26_cfDNA_4W_2015_3",0,0,0,0,7.89871029263909e-05,0,0,0,0,0.000514047567966515,0,0,0,0,1,0,0.0434401946227073,0.0555168147414491,0.00928310765877825,0.00460061671502045,0.000171257740541567,0.0418242249128791,0,0,0,0.000329527367176934,0.000210950049869023,0,2.213605415413e-05,0,0,0,0,0,0,0.000204875759796494,0,0,0,0,0,0,0,0,0,0,0,0,0,0,0,0,0,0,0,0,3.53046861239639e-05,0,0,0,0,0,0,9.63376015532252e-05,0,0,0,0,0.0143625148349183,0,8.31263738967096e-05,0.0159467863259869,0,0.000608798254686446,0,1.81932583716417e-05,0.0111953203509114,0,0.00174126272159584,0,0,0,0,0,0,0,0,0,0,0,0,0,0.000202776814623585,0,0
"TLML_26_DNA_baseline_2014_11",0,0,4.14046157516365e-05,4.11708187967749e-06,6.31182709718097e-05,4.2434548569432e-05,6.09570423394154e-05,2.60043265646585e-05,9.75038419721759e-07,1.29790834846399e-05,1.47836065481184e-05,8.40001848096277e-06,7.74554692785637e-06,0.0668506684343076,0,1,0.28215971510474,0.74726299304249,0.61717167651602,0.651117511475088,0.0513982276273406,0.0142602989706852,0,0,0,3.6691102364082e-05,0,0.000161679363943408,1.7530720543705e-05,7.16320741436963e-06,0.845964040878654,0.0266176033080629,0.480265129466179,0.491962903446505,0.851055598963478,5.24629497221631e-06,0,3.48627657487178e-06,1.57902041042294e-05,2.60752209156121e-05,8.48377528480162e-05,0,0,1.18472112659397e-05,0,0,0,0,0,0,0,0.000161773740867928,5.81049421173054e-06,0,0,0,5.801436456683e-05,0,0.000111213350197989,0,0,0,0,1.78990521962118e-05,2.03788995356677e-05,6.40289458146202e-06,1.38877250000845e-05,0,0,0,0,0,0,0,0.000126564034214999,1.87605513091414e-06,0,4.64109039497412e-05,6.50446017371722e-06,0,0,0,0,0,0,0.000378411660850001,0,0,0,0,0,0,3.24209718742552e-06,0,0
"TLML_26_DNA_infusion_2014_6",0,0,0,0,0,0,2.05230916188724e-06,0,4.81355363492683e-07,7.17252483634701e-07,0,1.0488998478464e-06,1.07410777494588e-06,0.0101045316831246,0.0434401946227073,0.28215971510474,1,0.445987307552862,0.189335464296978,0.191413431169645,0.0047326648858302,0.350866724380016,0,0,0,1.62214567323751e-05,0,2.95958006973542e-05,7.66797104202215e-06,3.74222365779789e-05,0.260443783555648,0.00676268542690726,0.172790945338725,0.179458283712422,0.267608228275468,6.1756937344419e-05,7.42330810769982e-05,5.49378594942319e-05,0.000154371198602712,0.000202407746726931,0.000116127240200771,0,0,0,0.000246821940386411,0,0.000108686018556142,0,0,0,0,0.000214080552462138,0.000214070765598169,4.47256509787902e-05,9.50025788763529e-06,3.48882001942685e-06,1.3510206095873e-05,1.70361528811513e-05,0.00123575667094633,6.11419704857125e-06,0,0,0,7.44184117725812e-05,2.9326213862296e-05,1.50354131370943e-05,0.000347614441188966,0,8.81912344396951e-06,5.91946781859285e-05,0.000413401596262941,2.21938073522857e-06,3.44811067525569e-05,0,0.000192573583234828,0.000168757516245542,5.77127740768079e-07,0,1.83038971252119e-05,0,0,0,0.000105159773560862,0,0,1.11661007612486e-05,1.09137833057921e-05,0,0,0,0,0,0.00014017217416116,0,2.56116238112402e-05
"TLML_26_DNA_4W_2015_3",0,0,0,0,0,0,0,0,0,0,1.80909238385665e-06,1.68052364780289e-06,1.00038995940826e-06,0.00520179496061115,0.0555168147414491,0.74726299304249,0.445987307552862,1,0.555515904791291,0.590886679031687,0.0105620762402996,0.287598454507102,0,0,0,6.36708887713824e-05,0,0.000102284271608056,3.15029325546227e-05,2.95522700149988e-07,0.777245607729563,0.023939943735531,0.460786467537988,0.448354994636582,0.759656212545949,0,1.52655692793072e-05,2.02835718429569e-05,1.45323795269994e-05,8.64057033345992e-06,1.20111617412765e-05,0,0,0,0,0,0,0,0,0,0,4.8554065730692e-05,6.19931023953793e-07,0,0,0,6.14366806230401e-05,5.51753300527159e-05,0.000724212784816937,0,3.07772756219002e-05,0,0,3.46754901083922e-05,6.3801103938577e-05,2.1004603727907e-05,2.50103641350119e-05,0,0,0,0,0,9.86305829056803e-06,0,0.000112270281861838,0,0,2.71452343089914e-05,1.17204404651548e-05,0,0,0,7.1552291064901e-05,0,0,6.39202421412054e-05,5.6582652804355e-06,0,0,0.000504017909233332,0,0,3.49865928880012e-05,0,9.78618634288814e-06
"TLML_26_DNA_FU_01_2015_7",0,0,0,0,0,0,0,0,0,0,1.32592150168312e-07,0,0,0.319819319800998,0.00928310765877825,0.61717167651602,0.189335464296978,0.555515904791291,1,0.95693147316678,0.082125426080392,0.0367964139762975,0,0,0,3.69141247642003e-05,0,4.52610466886872e-05,2.07844047116572e-05,5.08818296604286e-05,0.650282618582976,0.0274310003806436,0.345790472330216,0.313930222188366,0.606955269920289,1.22379715636945e-06,0,2.48566214752507e-06,2.12085471390915e-05,1.96291258904634e-05,4.76853764972733e-05,0,0,0,0,0,0,0,0,0,0,1.90025304850594e-05,4.9775103445985e-06,0,1.44394311539031e-05,4.29717858897707e-05,1.83332020507808e-05,0,0.000300896816688802,0,0,0,0,9.98913329691104e-06,1.62932598348475e-06,3.16270904306181e-07,1.0497947304505e-06,0,0,0,0,0,0,0,4.57584972856875e-05,0,0,9.2117066230693e-07,6.41719656067154e-06,0,0,0,0,0,0,1.35165422738843e-05,0,0,0,0,0,0,0.000135220304814741,0,9.93720940246446e-06
"TLML_26_DNA_FU_02_2015_9",0,0,0,0,0,0,0,0,0,0,0,0,0,0.259223110626146,0.00460061671502045,0.651117511475088,0.191413431169645,0.590886679031687,0.95693147316678,1,0.0622696202938217,0.0117153376653024,0,0,2.94904078452511e-05,1.96712965118946e-05,0,3.7044747649818e-06,1.04011800252256e-05,2.46030125646433e-05,0.715897216530093,0.0319550805700656,0.380024849055431,0.345422521311083,0.674434179109809,2.19534311730309e-06,1.1088530268311e-05,3.38968850215512e-06,1.6445668448251e-06,3.74687680523501e-06,6.88309667874688e-06,0,0,0,0,0,0,0,0,0,0,1.18641324208571e-05,0,0,0,0,2.35621070969236e-05,0,0.000342236714857796,0,0,0,0,0,0,3.09230747441412e-06,9.7215075553807e-06,0,0,0,0,0,0,0,1.99064678844675e-05,0,0,0,4.83710547097077e-06,0,0,0,8.78954127104894e-06,0,0,7.39107646252368e-06,0,0,0,0,0,0,1.93908300297646e-05,0,0
"TLML_26_RNA_baseline_2015_1",0,4.40067449477329e-06,0.000366340361090327,3.07175485027944e-07,3.44421007164462e-05,1.50884207372579e-05,2.0442693269632e-05,1.13863216090983e-05,4.98740947071958e-07,0.00012065302633659,7.65187586906779e-06,4.83468694972463e-06,4.17032036949477e-06,0.0741464062095657,0.000171257740541567,0.0513982276273406,0.0047326648858302,0.0105620762402996,0.082125426080392,0.0622696202938217,1,0.0714406165757993,0,0,2.01461615389935e-05,8.01870300956282e-05,1.53631585355572e-05,0.00505008222750241,0.000219091939425153,0.000116741667453963,0,2.39191781750711e-07,6.61401617369452e-05,2.8340627299419e-05,6.59572899010618e-06,5.32613277918024e-05,0.000194751256547383,9.86912499221315e-05,0.000356547568800262,0.000154020030059556,0.000382975513084007,0,0.000103576259172164,0.000411051224599321,5.15586617903548e-07,0,3.94613277021624e-06,0,2.51232443225829e-06,0,3.15522052004534e-05,0.00127738334315465,2.75376669602603e-06,3.28600808572453e-06,9.23949214387045e-06,3.92069545638046e-05,2.05406695274016e-05,6.47643393407455e-05,0.0010466338711444,0.00074096066528447,0.00030485477191218,0.000157364270681615,0,0.00036596191572992,0.000351668898250725,3.1708080461349e-05,3.66862261097478e-05,0.00189876115515042,0.00409589573430113,0.000396120919811811,1.88103008010581e-05,0.00465144288124663,0.000211606735652032,0.0031638660624353,0.00120299633284282,6.42481930316936e-06,0.00465825430410021,0.000877767600648184,0.00444615022406209,0,0.00271665883744401,6.49234759328957e-05,0.0002601420955478,0.00412120769341492,9.57907096242806e-05,0.000627390629922461,0.000109067854243893,0.00323727060993334,6.23975549188089e-05,0.000340190318266812,0,0,0.00137329064644213,2.1709221993261e-07,2.33345953598299e-05
"TLML_26_RNA_4W_2015_3",0,0,4.62122364400172e-06,0,0,0,0,5.95093469334184e-07,0,0.000105941818415055,5.14843785231217e-06,1.55718747565807e-06,5.09989726835845e-07,0.020165792043631,0.0418242249128791,0.0142602989706852,0.350866724380016,0.287598454507102,0.0367964139762975,0.0117153376653024,0.0714406165757993,1,0,0,0.00123293046517408,6.50560786209046e-05,0.000324154918055841,0.001668603449935,3.21192090728401e-05,0.000217766219333695,0,0,0,0,0,4.2436057128647e-05,0.000105868337403168,0.000150552933068955,0.000198057474954821,0.000296064220375072,0.00039892939057615,0,0.00036036749605511,0,4.19234769393765e-05,1.13215812800193e-05,2.07324363267374e-05,9.98198421313435e-05,0.000180243362698845,0,5.36562968417284e-05,0.000360448238085586,4.62116478703488e-05,2.54081582339476e-05,4.15052642207856e-05,5.5309887123878e-05,3.63646335091424e-05,5.072536202075e-05,0.00250703379756037,0,0,0.000306138744527241,0,0.000216381096127108,0.000243849572387173,6.96386138882026e-05,5.97098766940964e-05,0.00218028010780414,0.00320804359453336,0.000176093913747471,0.000409861823686962,0.00340496698272644,0.000582949174118012,0.00224861787239563,0.000305429195266279,0.000310947978451993,0.00428326133736065,0.000305032790583854,0.00354080785631773,0,0.00176345725231191,4.27229926339582e-05,0.000245078719412298,0.00282871590167336,7.19333793555772e-05,0.000209117658746679,1.70461633815225e-05,0.0023627668218944,4.31345005637132e-05,3.73322183528501e-05,0,0,0.000101405903798444,0,4.8724233668038e-06
"TLML_29_cfDNA_baseline_2016_1",0,0,0,0,0,0,0,0,0,0,0,0,0,0,0,0,0,0,0,0,0,0,1,0,0.0313719044781399,0.0074641791947408,0.00322176359432242,0.0171761535841626,0.0127675107996379,0.00550721508626692,0,0,0,0,0,0,0,0,0,0,0,0,0,0,0,0,0,0,0,0,0,0,0,0,0,0,0,0,0,0,0,0,0,0,0,0,0,0,0,0,0,0,0,0,0,0,0,0,0,0,0,0,0,0,0,0,0,0,0,0,0,0,0,0,0
"TLML_29_cfDNA_4W_2016_2",0,0,0,0,0,0,0,0,0,6.45326876090351e-05,0,3.69091959651018e-05,0,0,0,0,0,0,0,0,0,0,0,1,0.015958448556739,0.0752607863835298,0.326388497488168,0.00953478094532721,0.0523350042393844,0.351735926194874,0,0,0,0,0,0,0,0,0,0,0,0,0,0,0,0,0,0,0,0,0,0,0,0,0,0,0,0,0,0,0,0,0,0,0,0.000113265216259542,0.000112587726868407,0.0448334206525753,0.00847568631210812,0,0,0.00395719877922372,0,0.000947936457031775,0,0,0.00292315119069591,0,0.00088137895127664,0,0.0196497180537894,0,0,0.0238423263357722,0.00088413385756061,0.00039998341736688,0,0.0281025618057961,0.00166972460533033,0,0,0,8.18528950356464e-05,0,0
"TLML_29_DNA_baseline_2016_1",0,0.00151611447945054,0.00403936443777396,6.97859569809615e-06,0.0019163864936774,0.0016772162225862,0.0016898761746034,0.00177274279185268,6.11144799895997e-06,0.00143420183922551,0.00127334459914489,0.00106003231150767,0.00107285853055397,0,0,0,0,0,0,2.94904078452511e-05,2.01461615389935e-05,0.00123293046517408,0.0313719044781399,0.015958448556739,1,0.00288639729212833,0.115546321143977,0.206108526419568,0.00109756250746162,0.0597880253282108,0,0,0.000260300118632612,0.000315861903669056,3.73043156685492e-05,0.000616527952868724,0.000369830228725411,0.000252915405401458,0.000892082351371575,0.000456283893203488,0.000398832154764951,0,0,0.000117914489294173,3.26414625269783e-06,0,0,0,0,0,0,1.05090657920509e-05,0,7.52465096337676e-06,1.91988495751531e-05,0,7.68176842748917e-06,5.14166883374913e-05,0.000368731183740014,0.000358573274343718,0,0,0,0.00031425992137918,5.50989823839814e-05,0.00010808915002062,3.50717396129182e-05,0,0,0.000201673169461389,8.69779923642258e-06,2.1713866298752e-06,6.37618471745355e-05,0,0.000326782321299266,0,0,7.09373836007543e-05,0,0,0,0,3.73089214812776e-05,5.15344431319913e-05,0,5.49040624619342e-05,0,0,0,0.000473736741582037,3.6701567508728e-05,0,3.84435183343051e-05,2.11396329684239e-05,0
"TLML_29_DNA_infusion_2015_10",0,0,0,2.27197187741072e-06,0.000858931031930663,5.61022880955493e-08,0,1.03227704378992e-08,0,3.20555842523234e-06,3.34452870713015e-05,1.22599291291977e-07,2.91487602741358e-05,0,0.000329527367176934,3.6691102364082e-05,1.62214567323751e-05,6.36708887713824e-05,3.69141247642003e-05,1.96712965118946e-05,8.01870300956282e-05,6.50560786209046e-05,0.0074641791947408,0.0752607863835298,0.00288639729212833,1,0.124128346398853,0.00481944441431719,0.814405240704248,0.112079643356391,6.29690340756481e-05,0,3.33640718822418e-05,2.288482743155e-05,0.000183129839875367,6.16859683865894e-06,1.46529422679337e-05,6.14811599008452e-06,1.94943565445121e-05,7.15261507701512e-06,5.63774629209396e-06,0,0,2.15841567503796e-07,1.64828883923452e-06,0,0,0,0.00476559419359605,0,0,1.45831940075712e-05,5.98300185249089e-08,0,0,3.21635400144966e-05,2.79723743309534e-06,9.99773015017468e-06,1.55173513578442e-05,0.000134748531802335,6.59650151288155e-06,8.7611512291347e-06,0,1.53139322194613e-05,3.30151598311736e-05,2.07142966831472e-05,1.8950382672545e-05,0,0.000524178105208085,8.18611941598231e-06,2.27410762462891e-05,0.000253670105240443,3.88037461960398e-05,7.04842413367561e-05,9.30521759321729e-06,5.28231422395803e-06,0.000171662045166233,2.34578640520668e-05,6.48182942691753e-05,0,0,0,0.000329790595855298,1.65431780888314e-07,1.3333571682517e-07,0.000354181330046744,0.000142240375581175,1.50944862564319e-06,5.09658128744709e-07,9.77152328367406e-06,5.83662853040864e-07,0,0.000190320188050333,3.38947027923295e-07,0.000158880094192187
"TLML_29_DNA_4W_2016_2",0,0,0,0,0,0,0,0,6.80741991616981e-08,0,1.70816940161762e-06,3.11502476833644e-05,5.39854594809782e-08,0,0.000210950049869023,0,0,0,0,0,1.53631585355572e-05,0.000324154918055841,0.00322176359432242,0.326388497488168,0.115546321143977,0.124128346398853,1,0.0878899762778063,0.107338669155507,0.853160865422164,6.62381056485917e-05,0,0,0,0,0,0.000131590467176449,0.000182621574998087,0.00011228330851413,7.25225249652676e-05,6.37961159474165e-05,0,0,0.00013569689921007,0,0,0,0,0.000471544325531708,0,0,6.69554684362704e-05,0,4.12569780815828e-06,2.76121480908981e-07,0,1.63622942487738e-06,0,2.84612620780413e-06,0,0,0,0,3.31070576001747e-05,0,0,6.01497102279747e-06,0,0,0.000952568005756542,0,0,9.92528708447416e-05,0.00018476408637114,0.00064127154660675,0,0,0.00116620521752707,0.000123579569138269,0,0,0,0.000317411925262316,0,0,0.0004684421565992,0.000208703476849578,0,0,0,6.35468775199076e-06,0,0.000430872421235032,7.29936255728864e-06,1.6438032218508e-05
"TLML_29_RNA_baseline_2016_1",0.00065244424731968,0.00420268431823269,0.00234185898526456,0.000626257656472488,0.00589543625734224,0.00475176589260324,0.00465405270094372,0.00513108921516059,0.000624720615710272,0.0039969203458423,0.00346305442076973,0.00286017098146422,0.00293516303028172,0.000207930387629768,0,0.000161679363943408,2.95958006973542e-05,0.000102284271608056,4.52610466886872e-05,3.7044747649818e-06,0.00505008222750241,0.001668603449935,0.0171761535841626,0.00953478094532721,0.206108526419568,0.00481944441431719,0.0878899762778063,1,0.00364491352873505,0.052251761167332,1.00833602551538e-05,7.64500199600268e-07,6.11785805508437e-05,5.86645548957324e-05,1.56707145006203e-05,0.000110449784221694,0.000263095550817556,0.000107538742675405,0.00237739981938972,0.000317933862902328,0.000796379181603956,0,0,0.000204529964249689,0.000823901445533962,8.9898558492244e-05,2.39104425686685e-05,0,2.18655260947611e-05,3.63960307976938e-05,0,0.000767053552512084,0.000726101166830004,2.58741267887729e-05,2.36519059414938e-05,8.38327416442589e-05,9.56684758027253e-05,0.000176054223338143,0.000641245143481006,0.000175218850036585,0.000170220932981971,0.000605446583846209,0.00037382921237854,0.000608810778097362,0.000446088135371438,6.04673693664054e-05,4.6273817220576e-05,0,7.89445196367174e-05,0.000799159596597813,4.46682070357316e-05,3.59607866994709e-05,0.000199547568436088,6.68248541355481e-05,0.000756309112028354,3.22527109421927e-06,1.95676313580745e-05,0.000276779791767453,5.1543055087027e-05,0,1.327854371714e-05,7.9442403713957e-05,0.000571261464055119,3.42989159151605e-05,8.82004141526955e-06,0.000329849921076241,0.0003367832952474,6.18780749890512e-06,4.63406981257799e-06,0.000132857038933862,5.57089445004816e-06,6.29619309828347e-06,0.0037460411505342,6.07426536289914e-06,2.63835810858255e-05
"TLML_29_RNA_infusion_2015_10",0,0.000473828274378686,6.40855973771438e-06,2.86503111069347e-06,0.000876193794934003,0.000497894478189099,0.00050428533046524,0.000515297481515323,7.9732232672611e-07,0.000492709442578685,0.000490788599229984,0.000402741437284234,0.000453803629950034,0,2.213605415413e-05,1.7530720543705e-05,7.66797104202215e-06,3.15029325546227e-05,2.07844047116572e-05,1.04011800252256e-05,0.000219091939425153,3.21192090728401e-05,0.0127675107996379,0.0523350042393844,0.00109756250746162,0.814405240704248,0.107338669155507,0.00364491352873505,1,0.112099451782841,3.65050442518549e-05,0,1.37149902391086e-05,3.15127418195796e-05,5.96283210605608e-05,1.8255005384172e-06,1.66762245218288e-05,8.25077665888045e-06,3.37112785824903e-05,3.41657131973986e-06,9.526143666365e-06,0,0,6.55866890916664e-06,2.70243107884334e-07,0,0,0,0.00898252377116582,0,0,5.97168291267573e-06,0,2.23894159000659e-06,2.60068114280044e-06,4.01570934599303e-06,2.95495844117062e-06,2.50538873796802e-06,0,0.000150769970426865,7.45364539988563e-06,3.6845454068306e-06,0,1.26798856048981e-05,3.77330185977593e-05,3.5779006099913e-05,3.42928375511217e-05,0,0.00187678796585589,5.17063437416366e-06,1.12961439631505e-05,0.000965938871466626,6.27327728748772e-05,0.000249787071444127,1.92801991697111e-06,3.68753838089088e-07,0.000727781600014436,3.974736177108e-05,0.000289538942702055,0,0.000116614382514757,0,0.000131581804471756,0.000167776959614163,5.85982780245946e-06,0.000229676639193008,6.2427325129487e-05,0.000194457026754686,4.30175931844118e-06,1.24757467632203e-05,4.24548725908786e-07,0,0.000135151844538282,0,0.000290455720112751
"TLML_29_RNA_4W_2016_2",0,0.000562617433595809,2.77654051163944e-05,2.57850124974747e-06,0.000692725248990357,0.000617214021100955,0.000612562208546559,0.000657857444581509,6.84241430708168e-07,0.000550387089524119,0.000496742260248158,0.000476946805186068,0.000444035101216985,0,0,7.16320741436963e-06,3.74222365779789e-05,2.95522700149988e-07,5.08818296604286e-05,2.46030125646433e-05,0.000116741667453963,0.000217766219333695,0.00550721508626692,0.351735926194874,0.0597880253282108,0.112079643356391,0.853160865422164,0.052251761167332,0.112099451782841,1,2.93850697567776e-06,2.66613253597554e-07,0,6.11958569983579e-06,8.55668068291484e-06,6.36195119120418e-06,0.00017528673994532,0.000288515140949699,0.000298841687205407,0.000195047805233936,0.000312747537676355,0,0,5.99487871080763e-05,2.29617898708781e-07,0,1.46745668130643e-06,4.1547184879314e-06,0.000577087166078906,2.76532494482323e-06,0,5.17265926840758e-05,9.9663538858745e-08,1.12419099156384e-05,7.88146321041151e-06,1.83308168086352e-05,1.07068846779697e-05,1.94440545656155e-05,4.77825049571764e-05,6.77950792641472e-05,1.56573840843244e-05,6.01639056569651e-05,0,3.67083273502206e-05,0.000100853078252988,3.82665674777036e-05,2.18917337179485e-05,0,0.000342628791606056,6.25127560277222e-05,4.53401322643451e-06,0.00016395930208804,0.000101190991460697,7.3159124410289e-05,0.000107633098336399,1.21462603468206e-06,0.000105635537524506,0.000124656410665007,8.4763450716077e-05,0,0,0.000234142338067879,0.00177066933985171,1.7963096010309e-05,1.81127007223547e-05,0.000977786883545462,0.00199165864663949,6.50459369132985e-06,1.06674359993042e-05,4.46600969067184e-05,2.79896097689573e-06,0,0.000411125884948224,1.62219157960108e-06,2.37771176347343e-05
